/Imakefile/1.2/Sat May 28 10:56:47 2005//
/charimage.h/1.1.1.1/Tue May 24 17:46:11 2005//
/charscreen.h/1.2/Sat May 28 10:56:47 2005//
/cim_change.c/1.2/Sat May 28 10:56:47 2005//
/cim_size.c/1.1.1.1/Tue May 24 17:46:11 2005//
/csr_change.c/1.2/Sat May 28 10:56:47 2005//
/csr_init.c/1.2/Sat May 28 10:56:47 2005//
/term_data.c/1.1.1.1/Tue May 24 17:46:11 2005//
/term_impl.h/1.2/Sat May 28 10:56:47 2005//
/term_ntfy.c/1.2/Sat May 28 10:56:47 2005//
/termsw.c/1.2/Sat May 28 10:56:47 2005//
/termsw.h/1.1.1.1/Tue May 24 17:46:18 2005//
/tty.c/1.1.1.1/Tue May 24 17:46:08 2005//
/tty.h/1.1.1.1/Tue May 24 17:46:11 2005//
/tty_cb.c/1.1.1.1/Tue May 24 17:46:32 2005//
/tty_compat.c/1.1.1.1/Tue May 24 17:46:11 2005//
/tty_data.c/1.1.1.1/Tue May 24 17:46:21 2005//
/tty_es.c/1.1.1.1/Tue May 24 17:46:18 2005//
/tty_gtty.c/1.2/Sat May 28 10:56:47 2005//
/tty_impl.h/1.2/Sat May 28 10:56:47 2005//
/tty_init.c/1.3/Sat May 28 11:24:40 2005//
/tty_main.c/1.2/Sat May 28 10:56:47 2005//
/tty_mapkey.c/1.2/Sat May 28 10:56:47 2005//
/tty_menu.c/1.1.1.1/Tue May 24 17:46:13 2005//
/tty_modes.c/1.2/Sat May 28 10:56:47 2005//
/tty_newtxt.c/1.2/Sat May 28 10:56:47 2005//
/tty_ntfy.c/1.2/Sat May 28 10:56:47 2005//
/tty_stty.c/1.2/Sat May 28 10:56:47 2005//
/ttyansi.c/1.3/Sat May 28 11:24:40 2005//
/ttyansi.h/1.1.1.1/Tue May 24 17:46:11 2005//
/ttyselect.c/1.2/Sat May 28 10:56:47 2005//
/ttysw.h/1.1.1.1/Tue May 24 17:46:16 2005//
/ttytl.c/1.2/Sat May 28 10:56:47 2005//
D
